# Main Scene File

Renderer "sampler"

Sampler "metropolis"
	"float largemutationprob" [0.400000005960464]
	"bool usevariance" ["false"]

Accelerator "qbvh"

SurfaceIntegrator "bidirectional"
	"integer eyedepth" [48]
	"integer lightdepth" [48]

VolumeIntegrator "multi"
	"float stepsize" [1.000000000000000]

PixelFilter "mitchell"
	"bool supersample" ["true"]

LookAt 0.000000 0.000000 17.296656 0.000000 0.000000 16.296656 0.000000 1.000000 0.000000

Camera "perspective"
	"float fov" [56.144978015299799]
	"float screenwindow" [-1.000000000000000 1.000000000000000 -1.000000000000000 1.000000000000000]
	"bool autofocus" ["false"]
	"float shutteropen" [0.000000000000000]
	"float shutterclose" [0.041666666666667]
	"float lensradius" [0.005357142948374]
	"integer blades" [0]

Film "fleximage"
	"integer xresolution" [700]
	"integer yresolution" [700]
	"float gamma" [2.200000000000000]
	"float colorspace_white" [0.314275000000000 0.329411000000000]
	"float colorspace_red" [0.630000000000000 0.340000000000000]
	"float colorspace_green" [0.310000000000000 0.595000000000000]
	"float colorspace_blue" [0.155000000000000 0.070000000000000]
	"string filename" ["allmaterials_08-blend258.Scene.00001"]
	"bool write_resume_flm" ["false"]
	"bool restart_resume_flm" ["false"]
	"bool write_exr_halftype" ["true"]
	"bool write_exr_applyimaging" ["true"]
	"bool write_exr_ZBuf" ["false"]
	"string write_exr_compressiontype" ["PIZ (lossless)"]
	"string write_exr_zbuf_normalizationtype" ["None"]
	"bool write_exr" ["false"]
	"bool write_png" ["true"]
	"bool write_png_16bit" ["false"]
	"string write_png_channels" ["RGB"]
	"bool write_tga" ["false"]
	"string ldr_clamp_method" ["cut"]
	"integer displayinterval" [10]
	"integer writeinterval" [180]
	"integer flmwriteinterval" [180]
	"integer outlierrejection_k" [5]
	"string tonemapkernel" ["autolinear"]

WorldBegin

Include "allmaterials_08/LuxRender-Materials.lxm"

Include "allmaterials_08/LuxRender-Geometry.lxo"

AttributeBegin #  "Area.003"

Transform [-1.000000000000000 -0.000000150995803 0.000000000000000 0.000000000000000 0.000000106770145 -0.707106709480286 -0.707106828689575 0.000000000000000 0.000000106770159 -0.707106828689575 0.707106709480286 0.000000000000000 0.000000000000000 -9.000000000000000 10.000000000000000 1.000000000000000]

LightGroup "default"

Exterior  "world"

AreaLightSource "area"
	"float importance" [1.000000000000000]
	"float power" [100.000000000000000]
	"float efficacy" [17.000000000000000]
	"color L" [0.80000001 0.80000001 0.80000001]
	"integer nsamples" [1]
	"float gain" [1.000000000000000]

Shape "trianglemesh"
	"integer indices" [0 1 2 0 2 3]
	"point P" [-0.500000000000000 0.500000000000000 0.000000000000000 0.500000000000000 0.500000000000000 0.000000000000000 0.500000000000000 -0.500000000000000 0.000000000000000 -0.500000000000000 -0.500000000000000 0.000000000000000]

AttributeEnd # ""

AttributeBegin #  "Area.002"

Transform [0.000000011924881 1.000000000000000 0.000000000000000 0.000000000000000 -0.707106709480286 0.000000008432163 -0.707106828689575 0.000000000000000 -0.707106828689575 0.000000008432164 0.707106709480286 0.000000000000000 -8.999996185302734 0.000002384185791 9.754386901855469 1.000000000000000]

LightGroup "default"

Exterior  "world"

AreaLightSource "area"
	"float importance" [1.000000000000000]
	"float power" [100.000000000000000]
	"float efficacy" [17.000000000000000]
	"color L" [0.80000001 0.80000001 0.80000001]
	"integer nsamples" [1]
	"float gain" [1.000000000000000]

Shape "trianglemesh"
	"integer indices" [0 1 2 0 2 3]
	"point P" [-0.500000000000000 0.500000000000000 0.000000000000000 0.500000000000000 0.500000000000000 0.000000000000000 0.500000000000000 -0.500000000000000 0.000000000000000 -0.500000000000000 -0.500000000000000 0.000000000000000]

AttributeEnd # ""

AttributeBegin #  "Area.001"

Transform [0.000000075497901 -1.000000000000000 0.000000000000000 0.000000000000000 0.707106709480286 0.000000053385072 -0.707106828689575 0.000000000000000 0.707106828689575 0.000000053385079 0.707106709480286 0.000000000000000 8.999994277954102 -0.000003099441528 9.754386901855469 1.000000000000000]

LightGroup "default"

Exterior  "world"

AreaLightSource "area"
	"float importance" [1.000000000000000]
	"float power" [100.000000000000000]
	"float efficacy" [17.000000000000000]
	"color L" [0.80000001 0.80000001 0.80000001]
	"integer nsamples" [1]
	"float gain" [1.000000000000000]

Shape "trianglemesh"
	"integer indices" [0 1 2 0 2 3]
	"point P" [-0.500000000000000 0.500000000000000 0.000000000000000 0.500000000000000 0.500000000000000 0.000000000000000 0.500000000000000 -0.500000000000000 0.000000000000000 -0.500000000000000 -0.500000000000000 0.000000000000000]

AttributeEnd # ""

AttributeBegin #  "Area"

Transform [1.000000000000000 0.000000000000000 0.000000000000000 0.000000000000000 0.000000000000000 0.707106709480286 -0.707106828689575 0.000000000000000 0.000000000000000 0.707106828689575 0.707106709480286 0.000000000000000 0.000002384185791 8.999994277954102 9.754386901855469 1.000000000000000]

LightGroup "default"

Exterior  "world"

AreaLightSource "area"
	"float importance" [1.000000000000000]
	"float power" [100.000000000000000]
	"float efficacy" [17.000000000000000]
	"color L" [0.80000001 0.80000001 0.80000001]
	"integer nsamples" [1]
	"float gain" [1.000000000000000]

Shape "trianglemesh"
	"integer indices" [0 1 2 0 2 3]
	"point P" [-0.500000000000000 0.500000000000000 0.000000000000000 0.500000000000000 0.500000000000000 0.000000000000000 0.500000000000000 -0.500000000000000 0.000000000000000 -0.500000000000000 -0.500000000000000 0.000000000000000]

AttributeEnd # ""

AttributeBegin #  "Lamp"

Transform [-1.000000000000000 -0.000000007859171 -0.000000000000000 0.000000000000000 0.000000007856208 -0.999623060226440 0.027452481910586 0.000000000000000 -0.000000000215754 0.027452565729618 0.999623119831085 0.000000000000000 -0.000000003929586 0.500000000000000 18.206369400024414 1.000000000000000]

LightGroup "default"

Exterior  "world"

AreaLightSource "area"
	"float importance" [1.000000000000000]
	"float power" [100.000000000000000]
	"float efficacy" [17.000000000000000]
	"color L" [0.80000001 0.80000001 0.80000001]
	"integer nsamples" [1]
	"float gain" [1.000000000000000]

Shape "trianglemesh"
	"integer indices" [0 1 2 0 2 3]
	"point P" [-1.000000000000000 1.000000000000000 0.000000000000000 1.000000000000000 1.000000000000000 0.000000000000000 1.000000000000000 -1.000000000000000 0.000000000000000 -1.000000000000000 -1.000000000000000 0.000000000000000]

AttributeEnd # ""

Exterior  "world"
WorldEnd
